<?xml version="1.0"?>
<opencv_storage>
<trainData type_id="opencv-matrix">
  <rows>73</rows>
  <cols>10</cols>
  <dt>f</dt>
  <data>
    2.01980190e+01 7.57425690e+00 3.53465347e+01 7.57425690e+00
    1.76732674e+01 5.80693054e+01 3.28217812e+01 4.79702988e+01
    1.76732674e+01 1.00990095e+01 4.03960381e+01 1.76732674e+01
    2.27227707e+01 1.51485138e+01 1.51485138e+01 4.03960381e+01
    5.04950485e+01 3.28217812e+01 1.51485138e+01 5.04950476e+00
    2.29499989e+01 5.09999990e+00 1.52999992e+01 2.80499992e+01
    1.27499990e+01 7.39499969e+01 4.07999992e+01 2.29499989e+01
    2.29499989e+01 1.01999998e+01 1.57407408e+01 2.51851845e+01
    1.57407408e+01 1.25925922e+01 1.25925922e+01 7.55555573e+01
    6.29629612e+00 3.14814816e+01 3.77777786e+01 2.20370369e+01
    5.86499977e+01 1.01999998e+01 2.54999981e+01 7.64999962e+00
    2.54999995e+00 1.78500004e+01 5.60999985e+01 2.54999981e+01
    7.64999962e+00 4.33500023e+01 3.31499977e+01 1.52999992e+01
    2.54999981e+01 1.27499990e+01 2.03999996e+01 1.01999998e+01
    5.35499992e+01 1.01999998e+01 2.03999996e+01 5.35499992e+01
    3.48947411e+01 1.87894745e+01 2.95263176e+01 1.87894745e+01
    1.61052647e+01 4.02631607e+01 3.22105293e+01 1.87894745e+01
    1.34210529e+01 3.22105293e+01 0. 3.23239403e+01 1.07746477e+01
    2.15492954e+01 2.87323933e+01 3.59154892e+01 2.15492954e+01
    2.15492954e+01 3.59154892e+01 4.66901398e+01 3.28217812e+01
    3.53465347e+01 2.01980190e+01 2.77722759e+01 2.27227707e+01
    1.00990095e+01 3.28217812e+01 1.26237621e+01 4.29207916e+01
    1.76732674e+01 4.58999977e+01 3.05999985e+01 2.54999981e+01
    2.29499989e+01 2.80499992e+01 2.29499989e+01 2.80499992e+01
    1.27499990e+01 2.03999996e+01 1.78500004e+01 0. 4.07999992e+01
    3.82499962e+01 2.80499992e+01 7.64999962e+00 1.78500004e+01
    2.54999981e+01 4.33500023e+01 4.33500023e+01 1.01999998e+01
    2.77722759e+01 2.77722759e+01 2.27227707e+01 2.27227707e+01
    2.01980190e+01 2.77722759e+01 1.26237621e+01 3.28217812e+01
    3.53465347e+01 2.52475243e+01 4.84500008e+01 3.31499977e+01
    4.07999992e+01 2.03999996e+01 2.80499992e+01 1.52999992e+01
    2.54999981e+01 5.09999990e+00 2.80499992e+01 1.01999998e+01
    5.09999962e+01 2.29499989e+01 1.78500004e+01 1.52999992e+01
    3.31499977e+01 3.05999985e+01 3.05999985e+01 5.09999990e+00
    3.05999985e+01 1.78500004e+01 6.11999969e+01 3.57000008e+01
    1.52999992e+01 1.27499990e+01 1.52999992e+01 1.27499990e+01
    2.03999996e+01 1.52999992e+01 4.84500008e+01 1.78500004e+01
    1.52999992e+01 4.07999992e+01 3.05999985e+01 2.54999981e+01
    1.01999998e+01 3.05999985e+01 1.78500004e+01 2.80499992e+01
    4.07999992e+01 1.52999992e+01 3.29032249e+01 2.46774178e+01
    2.74193554e+01 1.64516125e+01 1.09677420e+01 3.83870964e+01
    1.64516125e+01 3.83870964e+01 3.83870964e+01 1.09677420e+01
    4.84500008e+01 3.31499977e+01 1.27499990e+01 7.64999962e+00
    2.54999995e+00 2.29499989e+01 2.03999996e+01 7.14000015e+01
    2.54999981e+01 1.01999998e+01 9.68354511e+00 4.19620247e+01
    1.61392403e+01 1.93670902e+01 1.29113932e+01 2.90506344e+01
    2.58227863e+01 3.87341805e+01 5.48734169e+01 6.45569658e+00
    2.15492954e+01 3.59154892e+01 1.43661966e+01 3.23239403e+01
    1.79577446e+01 2.15492954e+01 2.15492954e+01 2.15492954e+01
    2.87323933e+01 3.95070419e+01 3.82499962e+01 2.29499989e+01
    3.05999985e+01 1.27499990e+01 1.27499990e+01 2.54999981e+01
    4.07999992e+01 4.07999992e+01 2.54999981e+01 5.09999990e+00
    2.68421059e+01 3.35526314e+01 1.67763157e+01 2.34868412e+01
    3.35526314e+01 3.35526314e+01 3.35526314e+01 1.34210529e+01
    2.34868412e+01 1.67763157e+01 2.09016380e+01 3.34426193e+01
    4.18032742e+00 8.36065483e+00 1.67213097e+01 6.68852386e+01
    3.76229477e+01 4.18032742e+00 4.59836044e+01 1.67213097e+01
    2.03999996e+01 4.58999977e+01 3.82499962e+01 3.31499977e+01
    1.52999992e+01 2.03999996e+01 4.07999992e+01 1.01999998e+01
    2.80499992e+01 2.54999995e+00 5.30198021e+01 2.77722759e+01
    3.78712883e+01 2.77722759e+01 2.27227707e+01 7.57425690e+00
    2.27227707e+01 1.76732674e+01 3.28217812e+01 5.04950476e+00
    1.07368422e+01 3.75789490e+01 3.22105293e+01 2.95263176e+01
    1.07368422e+01 4.56315804e+01 1.87894745e+01 2.41578960e+01
    3.22105293e+01 1.34210529e+01 1.56923075e+01 1.96153851e+01
    1.56923075e+01 2.35384617e+01 3.13846149e+01 3.92307701e+01
    2.35384617e+01 2.35384617e+01 5.49230766e+01 7.84615374e+00
    5.09999962e+01 1.52999992e+01 1.27499990e+01 2.54999981e+01
    1.52999992e+01 3.57000008e+01 3.31499977e+01 2.54999981e+01
    3.05999985e+01 1.01999998e+01 1.76732674e+01 3.53465347e+01
    1.26237621e+01 3.28217812e+01 2.52475243e+01 4.29207916e+01
    1.76732674e+01 1.76732674e+01 3.02970276e+01 2.27227707e+01
    5.20408154e+00 3.64285698e+01 1.04081631e+01 4.68367348e+01
    1.56122446e+01 3.12244892e+01 2.60204067e+01 1.56122446e+01
    3.64285698e+01 3.12244892e+01 6.07142868e+01 2.42857151e+01 0. 0. 0.
    3.64285736e+01 1.21428576e+01 0. 4.85714302e+01 7.28571472e+01
    4.72222252e+01 1.88888893e+01 0. 1.88888893e+01 9.44444466e+00
    5.66666679e+01 0. 0. 2.83333340e+01 7.55555573e+01 3.98437500e+01
    3.18750000e+01 1.59375000e+01 0. 1.59375000e+01 2.39062500e+01
    1.59375000e+01 0. 1.59375000e+01 9.56250000e+01 2.46774178e+01
    8.22580624e+00 8.22580624e+00 2.46774178e+01 2.46774178e+01
    6.58064499e+01 8.22580624e+00 1.64516125e+01 3.29032249e+01
    4.11290321e+01 7.28571472e+01 3.64285736e+01 0. 9.10714340e+00
    1.82142868e+01 2.73214302e+01 2.73214302e+01 0. 1.82142868e+01
    4.55357170e+01 2.73214302e+01 3.64285736e+01 9.10714340e+00
    2.73214302e+01 9.10714340e+00 1.82142868e+01 1.82142868e+01
    2.73214302e+01 1.82142868e+01 6.37500000e+01 51. 2.55000000e+01
    6.37500000e+00 0. 6.37500000e+00 3.18750000e+01 1.91250000e+01
    6.37500000e+00 4.46250000e+01 6.37500000e+01 0. 6.37500000e+01 0.
    1.59375000e+01 1.59375000e+01 7.96875000e+01 0. 0. 7.96875000e+01 0.
    0. 8.05263138e+01 0. 0. 2.68421059e+01 2.68421059e+01 1.34210529e+01
    0. 9.39473648e+01 1.34210529e+01 4.39655190e+01 2.63793087e+01 0.
    3.51724129e+01 3.51724129e+01 5.27586174e+01 8.79310322e+00 0.
    4.39655190e+01 8.79310322e+00 2.21739140e+01 4.43478279e+01 0.
    3.32608681e+01 0. 3.32608681e+01 3.32608681e+01 1.10869570e+01
    6.65217361e+01 1.10869570e+01 2.31818180e+01 2.31818180e+01 0.
    2.31818180e+01 2.31818180e+01 9.27272720e+01 2.31818180e+01 0.
    4.63636360e+01 0. 1.27500000e+01 51. 1.27500000e+01 1.27500000e+01
    3.82500000e+01 1.27500000e+01 3.82500000e+01 0. 6.37500000e+01
    1.27500000e+01 0. 0. 0. 0. 0. 1.27500000e+02 0. 0. 85.
    4.25000000e+01 0. 5.31250038e+01 0. 3.18750000e+01 1.06250000e+01
    6.37500000e+01 1.06250000e+01 0. 5.31250038e+01 3.18750000e+01
    1.30769234e+01 6.53846207e+01 0. 2.61538467e+01 1.30769234e+01
    3.92307701e+01 6.53846169e+00 0. 7.84615402e+01 1.30769234e+01
    2.31818180e+01 4.63636360e+01 0. 2.89772739e+01 1.73863640e+01
    5.21590958e+01 0. 0. 7.53409119e+01 1.15909090e+01 9.44444466e+00
    4.72222252e+01 9.44444466e+00 3.30555534e+01 2.36111126e+01
    2.83333340e+01 1.41666670e+01 9.44444466e+00 6.61111069e+01
    1.41666670e+01 1.10869570e+01 4.43478279e+01 0. 3.32608681e+01 0.
    6.65217361e+01 0. 0. 6.65217361e+01 3.32608681e+01 0. 5.54347839e+01
    1.10869570e+01 6.65217361e+01 5.54347839e+01 2.21739140e+01 0. 0.
    3.32608681e+01 1.10869570e+01 2.40566044e+01 4.33018875e+01
    4.81132078e+00 2.88679256e+01 3.84905663e+01 4.33018875e+01
    1.44339628e+01 0. 4.81132088e+01 9.62264156e+00 3.32608681e+01
    3.32608681e+01 0. 0. 1.10869570e+01 3.32608681e+01 1.10869570e+01 0.
    4.43478279e+01 8.86956558e+01 1.34210529e+01 5.36842117e+01 0. 0. 0.
    2.68421059e+01 1.34210529e+01 0. 6.71052628e+01 8.05263138e+01
    5.40909119e+01 2.31818180e+01 0. 7.72727299e+00 0. 7.72727299e+00
    3.09090919e+01 3.09090919e+01 3.86363640e+01 6.18181839e+01
    2.46774178e+01 3.29032249e+01 0. 8.22580624e+00 1.64516125e+01 0.
