<?xml version="1.0"?>
<opencv_storage>
<trainData type_id="opencv-matrix">
  <rows>538</rows>
  <cols>10</cols>
  <dt>f</dt>
  <data>
    2.73291945e-01 0. 1.05590060e-01 2.23602489e-01 1.24223605e-02
    1.24223605e-01 2.23602489e-01 0. 3.10559012e-02 6.21118024e-03
    8.99999961e-02 4.49999981e-02 1.44999996e-01 9.49999988e-02
    9.99999978e-03 1.40000001e-01 3.40000004e-01 0. 1.29999995e-01
    4.99999989e-03 2.83018857e-01 3.14465389e-02 1.25786155e-01
    1.00628927e-01 3.77358496e-02 6.28930777e-02 2.95597464e-01 0.
    3.14465389e-02 3.14465389e-02 3.01470578e-01 0. 1.39705881e-01
    1.61764711e-01 3.67647074e-02 6.61764741e-02 2.20588237e-01
    7.35294120e-03 2.94117648e-02 3.67647074e-02 9.87654328e-02
    9.87654328e-02 1.85185194e-01 1.29629627e-01 2.46913582e-02
    4.93827164e-02 3.02469134e-01 1.23456791e-02 4.32098769e-02
    5.55555560e-02 2.43750006e-01 1.87500007e-02 1.06250003e-01
    1.74999997e-01 1.25000002e-02 4.37499993e-02 2.68750012e-01
    1.25000002e-02 8.74999985e-02 3.12500000e-02 2.05882356e-01
    1.47058824e-02 5.88235296e-02 2.64705896e-01 1.02941178e-01
    1.47058830e-01 4.41176482e-02 0. 5.88235296e-02 1.02941178e-01
    1.56069368e-01 5.78034669e-02 1.27167627e-01 1.21387281e-01
    5.20231202e-02 6.93641603e-02 2.65895963e-01 1.15606934e-02
    9.82658938e-02 4.04624268e-02 1.73684224e-01 6.84210584e-02
    1.36842117e-01 1.36842117e-01 4.21052650e-02 5.78947403e-02
    2.26315796e-01 0. 1.15789481e-01 4.21052650e-02 2.92993635e-01
    5.73248416e-02 1.27388537e-01 1.52866244e-01 4.45859879e-02
    8.28025490e-02 2.10191086e-01 0. 2.54777074e-02 6.36942685e-03
    7.59493709e-02 7.59493709e-02 3.79746854e-02 3.92405063e-01
    1.39240503e-01 2.53164563e-02 1.26582282e-02 8.86075944e-02
    6.32911399e-02 8.86075944e-02 0. 2.66129017e-01 3.22580636e-02
    5.64516112e-02 5.64516112e-02 1.93548381e-01 1.61290318e-02
    6.45161271e-02 2.58064508e-01 5.64516112e-02 3.05343512e-02
    9.16030556e-02 2.29007639e-02 1.14503816e-01 1.83206111e-01
    1.06870227e-01 3.81679386e-02 1.52671754e-01 9.16030556e-02
    1.67938933e-01 1.65289249e-02 1.65289253e-01 8.26446246e-03
    6.61156997e-02 1.15702473e-01 6.61156997e-02 6.61156997e-02
    1.90082639e-01 1.98347092e-01 1.07438013e-01 0. 3.29268277e-01 0. 0.
    1.21951215e-02 1.46341458e-01 2.43902430e-02 1.70731694e-01
    2.31707305e-01 8.53658468e-02 3.96039598e-02 1.38613865e-01
    1.08910888e-01 4.95049506e-02 1.28712863e-01 1.78217813e-01
    9.90098994e-03 0. 2.57425725e-01 8.91089067e-02 7.99999982e-02
    4.99999970e-02 5.99999987e-02 1.19999997e-01 7.99999982e-02
    1.89999998e-01 3.99999991e-02 7.00000003e-02 1.09999999e-01
    1.99999988e-01 7.35294120e-03 1.39705881e-01 1.02941178e-01
    9.55882370e-02 7.35294148e-02 9.55882370e-02 4.41176482e-02
    1.10294119e-01 1.98529407e-01 1.32352948e-01 0. 2.93478280e-01
    1.08695654e-02 0. 8.69565234e-02 9.78260860e-02 3.26086953e-02
    1.73913047e-01 2.60869563e-01 4.34782617e-02 0. 1.72043011e-01 0.
    1.29032254e-01 9.67741907e-02 4.30107526e-02 6.45161271e-02
    2.58064508e-01 7.52688199e-02 1.61290318e-01 2.06185561e-02
    3.60824734e-01 0. 2.37113401e-01 2.06185561e-02 0. 0. 2.16494843e-01
    3.09278332e-02 1.13402061e-01 2.73972601e-02 2.05479443e-01
    8.21917802e-02 0. 8.21917802e-02 0. 1.36986300e-02 2.60273963e-01
    8.21917802e-02 2.46575341e-01 0. 5.66666722e-01 0. 0. 3.33333351e-02
    3.33333351e-02 3.33333351e-02 2.33333349e-01 1.00000009e-01 0.
    7.69230798e-02 7.69230798e-02 3.84615399e-02 3.26923102e-01
    1.53846160e-01 2.30769247e-01 1.92307699e-02 1.92307699e-02
    3.84615399e-02 1.92307699e-02 2.31182799e-01 2.68817209e-02
    1.34408608e-01 1.50537640e-01 3.76344100e-02 1.12903222e-01
    2.09677413e-01 0. 8.60215053e-02 1.07526882e-02 3.92156877e-02
    5.88235334e-02 1.96078438e-02 4.31372553e-01 7.84313753e-02
    1.96078435e-01 0. 1.96078438e-02 7.84313753e-02 7.84313753e-02
    1.28205135e-01 2.56410260e-02 1.15384616e-01 4.35897440e-01
    6.41025677e-02 1.15384616e-01 0. 2.56410260e-02 3.84615399e-02
    5.12820520e-02 2.78481007e-01 1.26582282e-02 1.51898742e-01
    2.78481007e-01 3.79746854e-02 6.32911399e-02 7.59493709e-02 0.
    7.59493709e-02 2.53164563e-02 2.02764973e-01 2.76497696e-02
    1.79723501e-01 8.75576064e-02 1.38248848e-02 1.29032254e-01
    2.07373276e-01 9.21658985e-03 1.19815670e-01 2.30414756e-02
    1.55172408e-01 0. 1.72413796e-01 3.27586204e-01 1.72413792e-02
    2.06896544e-01 6.89655170e-02 0. 3.44827585e-02 1.72413792e-02
    1.42857149e-01 0. 8.33333358e-02 4.16666687e-01 3.57142873e-02
    1.30952388e-01 1.19047619e-01 0. 3.57142873e-02 3.57142873e-02
    2.53846169e-01 1.15384616e-01 1.00000001e-01 2.30769232e-01
    8.46153870e-02 3.84615399e-02 5.38461544e-02 7.69230770e-03
    7.69230798e-02 3.84615399e-02 1.98924735e-01 9.13978517e-02
    1.23655915e-01 1.55913979e-01 5.37634417e-02 1.07526883e-01
    1.82795703e-01 5.37634408e-03 5.91397844e-02 2.15053763e-02
    1.66666672e-01 1.85185187e-02 1.85185194e-01 2.96296299e-01
    3.70370373e-02 9.25925970e-02 5.55555560e-02 0. 1.11111112e-01
    3.70370373e-02 1.35135144e-01 6.75675720e-02 1.21621624e-01
    3.37837845e-01 1.21621624e-01 5.40540554e-02 1.35135138e-02 0.
    9.45945978e-02 5.40540554e-02 0. 2.13740453e-01 1.52671756e-02 0.
    7.63358772e-02 1.90839693e-01 6.87022880e-02 1.90839693e-01
    1.29770994e-01 1.14503816e-01 1.07692309e-01 1.30769238e-01
    2.00000003e-01 6.15384616e-02 5.38461544e-02 3.84615399e-02
    8.46153870e-02 1.69230774e-01 4.61538471e-02 1.07692309e-01
    1.23456791e-02 2.96296299e-01 3.70370373e-02 1.97530866e-01
    2.46913582e-02 4.93827164e-02 0. 1.23456791e-01 1.35802478e-01
    1.23456791e-01 0. 6.55172408e-01 0. 0. 3.44827585e-02 0. 0.
    1.37931034e-01 6.89655170e-02 1.03448272e-01 7.40740728e-03
    2.44444445e-01 2.96296291e-02 3.70370373e-02 5.92592582e-02
    8.88888836e-02 5.18518500e-02 1.48148149e-01 2.51851857e-01
    8.14814791e-02 2.32558139e-02 1.51162788e-01 4.65116277e-02
    6.97674453e-02 1.97674423e-01 3.48837227e-02 1.16279069e-02
    1.86046511e-01 6.97674453e-02 2.09302321e-01 0. 7.50000000e-01 0.
    2.77777780e-02 2.77777780e-02 0. 0. 8.33333358e-02 5.55555560e-02
    5.55555560e-02 9.90098994e-03 2.67326742e-01 9.90098994e-03
    2.97029689e-02 9.90099013e-02 1.08910888e-01 2.97029689e-02
    2.37623751e-01 5.94059378e-02 1.48514852e-01 1.34146333e-01
    3.17073166e-01 3.65853645e-02 2.43902430e-01 3.65853645e-02
    2.43902430e-02 0. 9.75609720e-02 6.09756075e-02 4.87804860e-02 0.
    2.88659781e-01 2.06185561e-02 1.64948449e-01 1.54639170e-01
    2.06185561e-02 3.09278332e-02 1.03092782e-01 7.21649453e-02
    1.44329891e-01 0. 4.82758611e-01 0. 6.89655170e-02 6.89655170e-02 0.
    0. 2.75862068e-01 0. 1.03448272e-01 2.99065411e-01 2.80373823e-02
    9.34579372e-02 2.61682242e-01 1.86915882e-02 1.12149529e-01
    9.34579372e-02 0. 7.47663528e-02 1.86915882e-02 2.52808988e-01
    2.80898884e-02 1.46067411e-01 2.02247187e-01 3.37078646e-02
    1.01123594e-01 1.34831458e-01 1.12359552e-02 6.74157292e-02
    2.24719103e-02 3.24840784e-01 4.45859879e-02 1.52866244e-01
    1.59235671e-01 1.27388537e-02 6.36942685e-02 1.52866244e-01 0.
    7.64331222e-02 1.27388537e-02 6.66666701e-02 4.44444455e-02
    7.77777806e-02 3.33333343e-01 3.33333351e-02 2.77777791e-01 0.
    4.44444455e-02 1.22222222e-01 0. 1.99999988e-01 1.04999997e-01
    1.40000001e-01 1.25000000e-01 9.99999978e-03 1.19999997e-01
    1.85000002e-01 4.99999989e-03 8.99999961e-02 1.99999996e-02
    2.58992821e-01 3.59712243e-02 1.43884897e-01 2.08633095e-01
    6.47482052e-02 5.03597148e-02 7.19424486e-02 2.15827338e-02
    9.35251787e-02 5.03597148e-02 8.33333358e-02 0. 1.16666675e-01
    3.66666675e-01 6.66666701e-02 3.00000012e-01 1.66666675e-02 0.
    3.33333351e-02 1.66666675e-02 1.98675498e-01 9.27152336e-02
    2.18543053e-01 1.39072850e-01 5.96026480e-02 3.31125818e-02
    1.45695359e-01 6.62251655e-03 5.96026480e-02 4.63576168e-02
