<?xml version="1.0"?>
<opencv_storage>
<trainData type_id="opencv-matrix">
  <rows>73</rows>
  <cols>10</cols>
  <dt>f</dt>
  <data>
    1.23287670e-01 1.02739722e-01 1.57534242e-01 8.21917802e-02
    3.42465751e-02 1.71232879e-01 2.05479443e-01 4.79452051e-02
    6.84931502e-03 6.84931502e-02 4.84848469e-02 6.06060587e-02
    2.30303019e-01 9.69696939e-02 5.45454547e-02 1.09090909e-01
    1.69696957e-01 1.21212117e-01 5.45454547e-02 5.45454547e-02
    6.57894760e-02 4.60526310e-02 1.90789476e-01 1.44736841e-01
    3.94736826e-02 9.86842141e-02 1.71052635e-01 1.31578952e-01
    2.63157897e-02 8.55263174e-02 1.28712863e-01 1.48514852e-01
    1.18811876e-01 7.92079195e-02 1.98019799e-02 1.08910888e-01
    1.98019803e-01 1.08910888e-01 4.95049506e-02 3.96039598e-02
    9.24855471e-02 1.38728321e-01 2.60115594e-01 2.31213868e-02
    3.46820801e-02 1.96531788e-01 1.27167627e-01 9.82658938e-02
    2.31213868e-02 5.78034669e-03 2.19178081e-01 1.02739722e-01
    1.91780820e-01 4.10958901e-02 6.84931502e-03 5.47945201e-02
    1.57534242e-01 1.23287670e-01 4.10958901e-02 6.16438352e-02
    1.20567374e-01 9.21985805e-02 1.20567374e-01 8.51063803e-02
    2.83687934e-02 1.84397161e-01 2.05673754e-01 8.51063803e-02
    2.12765951e-02 5.67375869e-02 1.42857134e-01 2.24489793e-01
    1.42857134e-01 7.14285672e-02 1.02040814e-02 1.53061226e-01
    1.53061226e-01 5.10204062e-02 3.06122452e-02 2.04081628e-02
    9.56521705e-02 3.47826071e-02 9.56521705e-02 4.34782580e-02
    1.47826076e-01 8.69565159e-02 5.21739125e-02 1.39130428e-01
    6.08695634e-02 2.43478253e-01 8.52713138e-02 5.42635657e-02
    2.24806204e-01 4.65116277e-02 1.24031007e-01 7.75193796e-02 0.
    1.08527131e-01 3.10077518e-02 2.48062015e-01 1.84931502e-01
    6.16438352e-02 1.23287670e-01 5.47945201e-02 8.21917802e-02
    1.02739722e-01 1.30136982e-01 8.90410990e-02 6.84931502e-02
    1.02739722e-01 2.68656701e-01 4.47761193e-02 8.95522386e-02
    2.98507456e-02 2.23880596e-02 9.70149264e-02 5.97014911e-02
    8.20895508e-02 1.04477607e-01 2.01492533e-01 1.12582780e-01
    2.64900662e-02 1.85430467e-01 3.31125818e-02 9.27152336e-02
    7.28476793e-02 5.96026480e-02 1.25827819e-01 4.63576168e-02
    2.45033115e-01 1.72131136e-01 1.39344260e-01 9.01639313e-02
    8.19672085e-03 8.19672048e-02 1.14754096e-01 1.63934417e-02
    8.19672048e-02 9.01639313e-02 2.04918027e-01 1.34328350e-01
    5.97014911e-02 1.19402982e-01 2.98507456e-02 9.70149264e-02
    8.20895508e-02 1.49253728e-02 1.04477607e-01 1.11940295e-01
    2.46268645e-01 1.71641782e-01 5.97014911e-02 1.71641782e-01
    4.47761193e-02 9.70149264e-02 7.46268630e-02 1.11940295e-01
    1.04477607e-01 3.73134315e-02 1.26865670e-01 6.20689653e-02
    5.51724136e-02 1.44827589e-01 7.58620650e-02 2.06896551e-02
    1.37931034e-01 1.86206892e-01 1.03448272e-01 6.20689653e-02
    1.51724130e-01 8.74999985e-02 1.25000002e-02 2.87499994e-01
    8.12500045e-02 5.00000007e-02 1.37500003e-01 3.75000015e-02
    8.74999985e-02 2.50000004e-02 1.93750009e-01 2.03703701e-01
    9.25925970e-02 1.29629627e-01 9.25925933e-03 4.62962985e-02
    9.25925970e-02 1.11111112e-01 8.33333358e-02 8.33333358e-02
    1.48148149e-01 9.67741907e-02 1.07526883e-01 2.04301074e-01
    4.30107526e-02 9.67741907e-02 4.30107526e-02 1.72043011e-01
    1.07526883e-01 2.15053763e-02 1.07526883e-01 3.65853645e-02
    3.65853645e-02 2.56097555e-01 1.82926822e-02 6.70731664e-02
    9.75609720e-02 7.31707290e-02 1.34146333e-01 4.87804860e-02
    2.31707305e-01 1.08108111e-01 6.30630627e-02 2.61261255e-01
    2.70270277e-02 5.40540554e-02 1.44144148e-01 1.08108111e-01
    9.00900960e-02 3.60360369e-02 1.08108111e-01 8.99999961e-02
    8.99999961e-02 1.99999988e-01 1.29999995e-01 9.99999978e-03
    7.99999982e-02 1.29999995e-01 9.99999940e-02 2.99999993e-02
    1.40000001e-01 1.08843535e-01 6.12244904e-02 1.76870748e-01
    5.44217676e-02 8.84353742e-02 1.22448981e-01 1.22448981e-01
    1.15646258e-01 4.08163257e-02 1.08843535e-01 8.55263174e-02
    4.60526310e-02 1.71052635e-01 3.94736826e-02 9.86842141e-02
    1.05263159e-01 1.31578952e-01 1.51315793e-01 5.92105277e-02
    1.11842103e-01 1.11940295e-01 5.97014911e-02 1.86567158e-01
    1.26865670e-01 5.22388034e-02 8.20895508e-02 1.26865670e-01
    1.11940295e-01 5.22388034e-02 8.95522386e-02 1.20370373e-01
    1.29629627e-01 1.29629627e-01 6.48148134e-02 6.48148134e-02
    1.20370373e-01 1.20370373e-01 9.25925970e-02 7.40740746e-02
    8.33333358e-02 3.14465389e-02 6.28930796e-03 1.38364777e-01
    6.28930777e-02 1.00628927e-01 1.50943398e-01 2.26415083e-01
    1.25786155e-01 6.91823885e-02 8.80503133e-02 8.73015895e-02
    7.93650821e-02 1.03174612e-01 9.52381045e-02 6.34920672e-02
    1.50793657e-01 1.74603179e-01 1.26984134e-01 5.55555597e-02
    6.34920672e-02 1.73333332e-01 2.00000003e-01 7.99999982e-02
    5.33333346e-02 3.99999991e-02 6.66666701e-02 1.59999996e-01
    7.99999982e-02 1.06666669e-01 3.99999991e-02 1.76470593e-01
    2.94117659e-01 5.88235296e-02 0. 5.88235296e-02 1.76470593e-01 0.
    1.17647059e-01 1.17647059e-01 0. 6.25000000e-02 4.06250000e-01 0.
    1.25000000e-01 3.12500000e-02 9.37500000e-02 3.12500000e-02
    9.37500000e-02 1.56250000e-01 0. 1.56250000e-01 4.06250000e-01
    3.12500000e-02 6.25000000e-02 0. 1.25000000e-01 0. 9.37500000e-02
    6.25000000e-02 6.25000000e-02 1.29032254e-01 2.90322572e-01
    6.45161271e-02 6.45161271e-02 6.45161271e-02 2.25806445e-01 0.
    9.67741907e-02 6.45161271e-02 0. 2.91666687e-01 3.33333343e-01 0.
    2.08333343e-01 0. 8.33333358e-02 0. 0. 8.33333358e-02 0.
    3.12500000e-01 3.12500000e-01 0. 1.25000000e-01 0. 0. 0.
    1.87500000e-01 6.25000000e-02 0. 1.48148149e-01 4.07407403e-01
    7.40740746e-02 3.70370373e-02 0. 7.40740746e-02 3.70370373e-02
    1.11111112e-01 7.40740746e-02 3.70370373e-02 0. 2.50000000e-01
    5.00000007e-02 4.00000006e-01 0. 1.00000001e-01 0. 5.00000007e-02
    1.50000006e-01 0. 0. 2.72727281e-01 0. 5.45454562e-01 0.
    9.09090936e-02 0. 0. 9.09090936e-02 0. 2.56410260e-02 2.82051295e-01
    5.12820520e-02 2.56410271e-01 0. 1.28205135e-01 7.69230798e-02
    2.56410260e-02 1.02564104e-01 5.12820520e-02 3.44827585e-02
    1.72413796e-01 3.44827585e-02 1.72413796e-01 6.89655170e-02
    6.89655170e-02 0. 1.03448272e-01 2.41379306e-01 1.03448272e-01 0.
    4.28571463e-01 0. 3.57142866e-01 0. 7.14285746e-02 0. 7.14285746e-02
    7.14285746e-02 0. 0. 1.53846160e-01 7.69230798e-02 3.07692319e-01
    3.84615399e-02 3.84615399e-02 3.84615399e-02 7.69230798e-02
    2.30769247e-01 3.84615399e-02 1.15384623e-01 2.30769247e-01
    3.84615399e-02 2.69230783e-01 1.15384623e-01 7.69230798e-02
    3.84615399e-02 7.69230798e-02 3.84615399e-02 0. 0. 1.93548381e-01 0.
    5.16129017e-01 9.67741907e-02 6.45161271e-02 0. 3.22580636e-02
    3.22580636e-02 6.45161271e-02 0. 2.00000018e-01 0. 3.66666675e-01
    1.33333340e-01 3.33333351e-02 0. 1.33333340e-01 1.00000009e-01
    3.33333351e-02 5.71428575e-02 1.42857149e-01 0. 3.42857152e-01
    1.42857149e-01 5.71428575e-02 0. 5.71428575e-02 1.42857149e-01
    5.71428575e-02 6.81818202e-02 1.13636367e-01 2.27272734e-02
    4.31818187e-01 1.36363640e-01 4.54545468e-02 0. 4.54545468e-02
    4.54545468e-02 9.09090936e-02 4.54545468e-02 5.00000000e-01 0.
    9.09090936e-02 4.54545468e-02 9.09090936e-02 0. 1.81818187e-01
    4.54545468e-02 0. 0. 2.69230783e-01 3.84615399e-02 4.23076928e-01
    7.69230798e-02 1.15384623e-01 0. 3.84615399e-02 3.84615399e-02 0. 0.
    1.14285715e-01 5.71428575e-02 2.85714298e-01 2.57142872e-01
    8.57142881e-02 0. 5.71428575e-02 1.42857149e-01 0. 2.58064508e-01
    4.83870953e-01 6.45161271e-02 3.22580636e-02 0. 9.67741907e-02 0.
    3.22580636e-02 0. 3.22580636e-02 2.50000000e-01 5.83333373e-01 0.
    1.25000000e-01 0. 0. 0. 4.16666679e-02 0. 0. 1.56250000e-01
    5.00000000e-01 1.25000000e-01 3.12500000e-02 3.12500000e-02
    9.37500000e-02 3.12500000e-02 3.12500000e-02 0. 0. 2.33333349e-01
    5.33333361e-01 3.33333351e-02 0. 0. 1.00000009e-01 0. 1.00000009e-01
