<?xml version="1.0"?>
<opencv_storage>
<vocabulary type_id="opencv-matrix">
  <rows>10</rows>
  <cols>64</cols>
  <dt>f</dt>
  <data>
    -5.11097547e-04 -1.23580708e-03 4.43656929e-03 4.35524434e-03
    3.94209521e-03 -1.02388831e-02 3.44107598e-02 3.43142264e-02
    9.41847265e-03 -6.37090253e-03 4.87700664e-02 4.35749516e-02
    1.88484346e-03 -5.09569189e-04 8.38194508e-03 7.37917470e-03
    -5.22445654e-03 -3.50525603e-03 2.31210683e-02 2.27948353e-02
    3.72587629e-02 -4.08206135e-02 1.55263811e-01 1.54347941e-01
    1.19796976e-01 1.14808895e-03 4.10287738e-01 3.44244182e-01
    1.39165055e-02 4.77426918e-03 6.37487695e-02 5.54825440e-02
    -5.96143445e-03 1.59512856e-03 2.17667203e-02 2.00367700e-02
    1.62990335e-02 9.05754790e-03 1.11099944e-01 1.00746155e-01
    2.00215727e-01 1.03673944e-02 4.90677655e-01 3.48032802e-01
    6.57761516e-03 2.81674601e-03 6.71377108e-02 5.79968244e-02
    -7.51509389e-04 9.79907112e-04 3.99032515e-03 3.87101527e-03
    2.78815418e-03 9.74187534e-03 2.67751906e-02 2.65488140e-02
    1.91322397e-02 4.32634540e-03 5.55075221e-02 4.36378866e-02
    1.66266435e-03 2.80644344e-05 9.32847988e-03 8.02109390e-03
    1.80108706e-03 -5.78842824e-04 5.94489323e-03 4.79107443e-03
    4.04530950e-02 3.36449384e-03 5.45267910e-02 3.08394171e-02
    1.05331442e-03 9.27737355e-03 2.05708202e-02 1.83798596e-02
    -1.59019500e-03 9.22622217e-04 3.92894121e-03 3.10044852e-03
    -3.37428282e-05 -5.26758796e-03 4.14241329e-02 3.35805342e-02
    3.85931909e-01 -5.91666671e-03 4.70257282e-01 1.98928952e-01
    6.23495411e-03 1.60225891e-02 8.61597210e-02 6.79016337e-02
    -1.29190804e-02 2.30837963e-03 2.39679310e-02 1.75503492e-02
    -2.08221865e-03 3.93376220e-03 4.12181467e-02 3.41435708e-02
    3.96333724e-01 3.19421757e-04 4.80328888e-01 2.01966554e-01
    4.22117347e-03 -1.85018908e-02 8.97085667e-02 7.23084286e-02
    -1.20636532e-02 -1.91131700e-03 2.37694867e-02 1.77761633e-02
    1.43413141e-03 5.40976762e-04 5.69127547e-03 4.70423140e-03
    4.23788168e-02 -3.98957450e-03 5.62624596e-02 3.21060494e-02
    6.33647898e-04 -9.65455547e-03 2.08561867e-02 1.93409454e-02
    -1.41495513e-03 -9.87489941e-04 3.81043158e-03 3.13701970e-03
    -4.15894930e-04 -5.25340205e-04 3.99460364e-03 3.84228374e-03
    5.61186858e-03 -8.11002869e-03 2.97706109e-02 2.85539702e-02
    2.66884901e-02 2.49559467e-04 5.44603132e-02 4.12129909e-02
    1.11094979e-03 1.18918903e-03 7.93587789e-03 6.69224979e-03
    -4.43024049e-03 2.57120904e-04 2.72214264e-02 2.60031652e-02
    1.92922093e-02 -4.64331452e-03 1.67766869e-01 1.52545542e-01
    2.89395750e-01 -1.16978483e-02 4.60954726e-01 2.69877195e-01
    -1.77270046e-03 6.92033267e-04 5.65429032e-02 4.77676131e-02
    -1.69898162e-03 4.98465355e-03 2.93828007e-02 3.10032722e-02
    3.67503315e-02 7.64729381e-02 2.37792477e-01 2.48461351e-01
    1.82277650e-01 7.75102992e-03 3.69538993e-01 2.80893862e-01
    8.08108691e-03 -8.60749558e-03 5.38428016e-02 4.49378341e-02
    1.33316324e-04 8.95398320e-04 4.70867939e-03 4.71620541e-03
    5.59002301e-03 5.81846572e-03 3.94838341e-02 3.67314517e-02
    1.37329390e-02 3.05853458e-03 4.59617935e-02 4.00327481e-02
    1.52261055e-03 -3.71578528e-04 7.17508327e-03 6.19043270e-03
    -1.29735898e-04 -4.11447894e-04 1.49573211e-03 1.58248062e-03
    4.31333575e-03 -5.16912062e-03 1.42020443e-02 1.37821119e-02
    3.38672623e-02 7.96480104e-04 5.51967546e-02 3.14701907e-02
    1.54461176e-03 1.59264077e-03 6.58354675e-03 5.56253828e-03
    -1.64778822e-03 -8.30890902e-04 8.65142327e-03 8.64502788e-03
    1.86402332e-02 -1.42438868e-02 6.59733787e-02 5.84030412e-02
    3.58122796e-01 2.90928525e-03 4.98772234e-01 2.06508219e-01
    5.13334817e-04 8.53404589e-03 4.44459617e-02 3.62250842e-02
    -1.89581828e-03 5.45328716e-04 8.53009894e-03 8.32951255e-03
    1.71900745e-02 1.00342743e-02 6.17680214e-02 5.30354343e-02
    3.60250175e-01 -4.52097226e-03 4.97980356e-01 2.01230809e-01
    1.44613418e-03 -8.24568234e-03 4.40023951e-02 3.58611569e-02
    -1.86752703e-04 3.97165510e-04 1.48066052e-03 1.56062737e-03
    4.41969186e-03 5.56423794e-03 1.38355419e-02 1.36152357e-02
    3.38640288e-02 -8.53952719e-04 5.50919622e-02 3.15822773e-02
    1.82694627e-03 -1.60347729e-03 6.48832228e-03 5.64339710e-03
    9.62021237e-04 1.58810304e-04 3.77712795e-03 3.55946855e-03
    1.74198020e-02 3.62586067e-03 3.85754220e-02 3.07122916e-02
    9.36518982e-03 7.04546785e-03 4.02751081e-02 3.83429304e-02
    4.44603560e-04 1.28868117e-03 4.76231659e-03 4.77752090e-03
    2.55001662e-03 -2.62790243e-03 2.68571582e-02 2.51898021e-02
    2.42111608e-01 6.87941238e-02 3.41934115e-01 2.40883470e-01
    2.74092183e-02 1.48474589e-01 2.69104272e-01 3.04926127e-01
    -1.75961282e-03 7.96690676e-03 3.08549292e-02 3.19956094e-02
    -1.82534289e-03 1.35054509e-03 2.82958467e-02 2.62791589e-02
    3.36950958e-01 -3.53401713e-02 4.11431015e-01 2.16070414e-01
    2.32140180e-02 -1.64795443e-02 1.75082520e-01 1.76084533e-01
    -7.05392146e-03 2.04137620e-03 2.72741951e-02 2.76303999e-02
    8.90473311e-04 6.59024168e-04 4.16927086e-03 3.97184910e-03
    3.15454639e-02 7.61984731e-04 4.68402058e-02 3.37342322e-02
    9.38397646e-03 -1.18914517e-02 3.15862857e-02 3.19564231e-02
    -6.59795362e-04 -8.98792467e-04 4.06182883e-03 4.14274400e-03
    5.82620210e-04 -1.83502983e-04 5.08445641e-03 4.58720094e-03
    1.99367385e-02 3.04915872e-03 4.40897718e-02 3.25271152e-02
    -8.14228132e-03 5.72640309e-03 4.30612341e-02 3.18285637e-02
    -6.25653309e-04 9.77979580e-05 5.95059479e-03 4.97008301e-03
    -3.35937925e-03 -2.90964614e-03 3.61056700e-02 3.02702151e-02
    2.46959209e-01 9.16493218e-03 3.73421192e-01 1.90472946e-01
    -1.40135825e-01 1.72781590e-02 3.35872829e-01 2.05136701e-01
    3.76200129e-04 -2.38353782e-03 4.27424125e-02 3.59621532e-02
    -3.46221682e-03 3.11743049e-03 3.57640907e-02 2.98004895e-02
    2.39880994e-01 -1.11929374e-02 3.66137922e-01 1.89129636e-01
    -1.36694252e-01 -2.45621614e-02 3.32434386e-01 2.09899798e-01
    9.55630036e-04 2.33142031e-03 4.25036550e-02 3.50261293e-02
    5.58170956e-04 2.05041273e-04 5.10862051e-03 4.60539572e-03
    1.83037221e-02 -2.62274081e-03 4.27765399e-02 3.15674879e-02
    -7.19871931e-03 -5.94869722e-03 4.13612239e-02 3.20503637e-02
    -6.53527619e-04 -8.94246841e-05 5.81974629e-03 5.07564703e-03
    1.43610247e-04 -4.22948127e-04 6.88474206e-03 6.55421568e-03
    4.46665753e-03 -1.97399920e-03 4.87556979e-02 4.54819389e-02
    5.02093416e-03 3.62645311e-04 5.00037186e-02 4.59152497e-02
    5.86796028e-04 1.28159474e-04 7.44722877e-03 6.97734253e-03
    -2.25307027e-04 -1.55444839e-03 4.56384905e-02 4.23486531e-02
    5.25188223e-02 -1.22964177e-02 3.28265965e-01 2.89881587e-01
    4.78443727e-02 1.18906926e-02 3.50089103e-01 3.03138584e-01
    4.41128621e-03 1.82471320e-03 5.14965020e-02 4.71098647e-02
    -3.58940539e-04 1.62540027e-03 4.53553200e-02 4.24586274e-02
    5.27002327e-02 1.17033832e-02 3.26495171e-01 2.88400739e-01
    4.81216237e-02 -1.22680673e-02 3.46812218e-01 2.99600959e-01
    4.69039986e-03 -1.44557108e-03 5.22084422e-02 4.70669270e-02
    6.71652233e-05 4.75156005e-04 6.74809981e-03 6.47773407e-03
    4.74307733e-03 2.82888021e-03 4.79742289e-02 4.48750481e-02
    5.05792955e-03 5.21018519e-04 4.95980904e-02 4.52853218e-02
    5.65047842e-04 -7.63043281e-05 7.48846168e-03 6.83266297e-03
    3.73933092e-03 1.74353051e-03 9.81266331e-03 8.53365287e-03
    2.50983704e-02 1.46706123e-02 6.23643696e-02 5.49621433e-02
    4.81027784e-03 1.52004352e-02 3.86686251e-02 3.66775952e-02
    -7.00867153e-04 1.45897968e-03 5.38171735e-03 4.85670008e-03
    2.42367070e-02 1.05010504e-02 7.26009086e-02 6.08612001e-02
    1.86877310e-01 3.70687135e-02 4.70257074e-01 3.62580001e-01
    3.42298187e-02 3.47170942e-02 1.65068239e-01 1.39279127e-01
    -8.49432498e-03 4.11182502e-03 2.84399167e-02 2.41025928e-02
    2.76677031e-02 2.24603293e-03 6.89229667e-02 5.52904941e-02
